#! FIELDS time l2r_1 l2r_2 sigma_l2r_1 sigma_l2r_2 height biasf
#! SET multivariate false
      1.000000047497451       2.62341681032889       -3.4386785842904                      1.0                    1.0   0.5357142857142857                     15
      2.000000094994903      2.588963654154652     -3.414047936638026                      1.0                    1.0   0.5281052851865117                     15
      3.000000142492354       2.49550928330292     -3.362589280791747                      1.0                    1.0   0.5208207104101978                     15
      4.000000189989805      2.652798447586104     -3.422777603150096                      1.0                    1.0   0.5136187465846377                     15
      5.000000237487257      2.628611499082405     -3.371396707441431                      1.0                    1.0   0.5066002805501801                     15
      6.000000284984708      2.658904893290569      -3.48393773981535                      1.0                    1.0   0.4999338474036218                     15
      7.000000332482159      2.670450214551495       -3.5312182251212                      1.0                    1.0   0.4935012471138661                     15
       8.00000037997961      2.643943861052819     -3.482879196642638                      1.0                    1.0   0.4868151006800338                     15
      9.000000427477062      2.658421018182537     -3.490001457763819                      1.0                    1.0   0.4805639687684813                     15
      10.00000047497451      2.511332928419964     -3.428604577249967                      1.0                    1.0   0.4747012436528242                     15
      11.00000052247196      2.669480687466115     -3.444183080031171                      1.0                    1.0   0.4684871898115753                     15
      12.00000056996942      2.660122236608221     -3.427204453206223                      1.0                    1.0    0.462635209618042                     15
      13.00000061746687      2.721598149157782     -3.513839507075789                      1.0                    1.0   0.4574448187231709                     15
      14.00000066496432      2.565332101368913     -3.370370788134835                      1.0                    1.0   0.4517475653915425                     15
      15.00000071246177      2.589726125183921     -3.315220654768619                      1.0                    1.0   0.4466729324704166                     15
      16.00000075995922      2.615552145179307     -3.436591357764384                      1.0                    1.0   0.4407344595492976                     15
      17.00000080745667      2.636853079863001     -3.444761812632448                      1.0                    1.0   0.4355870733889304                     15
      18.00000085495412      2.777647034468818     -3.537571838644477                      1.0                    1.0   0.4321473197891963                     15
      19.00000090245157      2.776020931016828     -3.563179511155371                      1.0                    1.0   0.4274348320165144                     15
      20.00000094994903      2.637438926709696     -3.402771892408129                      1.0                    1.0   0.4210052868763454                     15
      21.00000099744648      2.752290205839471     -3.453665212409848                      1.0                    1.0   0.4169068914623223                     15
      22.00000104494393      2.760049489011425     -3.568976743958774                      1.0                    1.0   0.4132145648401411                     15
      23.00000109244138      2.834990614227491     -3.621598101203775                      1.0                    1.0   0.4107483332386565                     15
      24.00000113993883      2.832713215247272     -3.563278550586812                      1.0                    1.0   0.4053255729990957                     15
      25.00000118743628      2.846080484031425     -3.636265308167855                      1.0                    1.0   0.4024057592804418                     15
      26.00000123493373      2.794725074661449     -3.616536109500605                      1.0                    1.0   0.3968049577588084                     15
      27.00000128243119      2.856386751063485     -3.625342976550716                      1.0                    1.0   0.3939199561242813                     15
      28.00000132992864      2.820078992592942     -3.605782771979493                      1.0                    1.0   0.3887410456665275                     15
      29.00000137742609      2.940813274053609     -3.620278725231536                      1.0                    1.0   0.3879563651687906                     15
      30.00000142492354       2.76302725260734     -3.557362784611398                      1.0                    1.0   0.3794228742567302                     15
      31.00000147242099      2.789884039713513     -3.499440772481975                      1.0                    1.0   0.3755723497599595                     15
      32.00000151991844      2.844907783281332     -3.567116564929569                      1.0                    1.0    0.373152231251585                     15
      33.00000156741589      2.820171055533461      -3.64156829451911                      1.0                    1.0   0.3701673195807524                     15
      34.00000161491334      2.607184224716495     -3.427538223160045                      1.0                    1.0   0.3648943520206824                     15
       35.0000016624108      2.571592513528934     -3.301785568247732                      1.0                    1.0   0.3640921934186137                     15
      36.00000170990825      2.552291478698423     -3.341024658078088                      1.0                    1.0   0.3600185251069595                     15
       37.0000017574057      2.606817468271546     -3.380460827250619                      1.0                    1.0   0.3550088844065684                     15
      38.00000180490315      2.627418692287938     -3.398129019817686                      1.0                    1.0   0.3512041946007435                     15
       39.0000018524006       2.68940683612914     -3.412479971178286                      1.0                    1.0   0.3474933776187235                     15
      40.00000189989805      2.852928977047783     -3.616506217527054                      1.0                    1.0   0.3474142438536318                     15
       41.0000019473955      2.935066850684827     -3.672073084496128                      1.0                    1.0   0.3480169585690147                     15
      42.00000199489295      2.830026693686268     -3.568608073865252                      1.0                    1.0   0.3397435395659112                     15
      43.00000204239041      2.854288003201127     -3.597693839930388                      1.0                    1.0   0.3376364390197853                     15
      44.00000208988786       2.86422503660493      -3.66517998598738                      1.0                    1.0   0.3363381178056196                     15
      45.00000213738531      2.768207305854493      -3.54150098807536                      1.0                    1.0   0.3295000552013105                     15
      46.00000218488276      2.772124184640651     -3.599393328926969                      1.0                    1.0   0.3273741220825543                     15
      47.00000223238021      2.805752504201388     -3.681449846081793                      1.0                    1.0   0.3268761264371042                     15
      48.00000227987766      2.705318891151257     -3.587536992401232                      1.0                    1.0   0.3212172922835531                     15
      49.00000232737511      2.614492046612001     -3.525678553465485                      1.0                    1.0   0.3186164982995955                     15
      50.00000237487257      2.622700284344454     -3.418814230337406                      1.0                    1.0   0.3162437819953861                     15
      51.00000242237002      2.628635628881963     -3.462849107216419                      1.0                    1.0   0.3130949063731634                     15
      52.00000246986747      2.703640780813508     -3.532417477901959                      1.0                    1.0   0.3100091324988126                     15
      53.00000251736492       2.64173886966321      -3.40126477615218                      1.0                    1.0   0.3084553008781381                     15
      54.00000256486237      2.622919586508439     -3.353203867696025                      1.0                    1.0   0.3071093412585268                     15
      55.00000261235982      2.657718082975087     -3.453030559859985                      1.0                    1.0   0.3026957833296221                     15
      56.00000265985727      2.678791798029599     -3.514657048567737                      1.0                    1.0   0.3000367370047364                     15
      57.00000270735472      2.566702161015964     -3.382754447552841                      1.0                    1.0   0.3001715399227821                     15
      58.00000275485218      2.592295130915719     -3.404728293365816                      1.0                    1.0   0.2968717280213737                     15
      59.00000280234963      2.668420776095258     -3.371728577087094                      1.0                    1.0    0.294217418184246                     15
      60.00000284984708       2.77816910851489     -3.412811265087779                      1.0                    1.0   0.2917060858757563                     15
      61.00000289734453      2.728003579499575     -3.317474188543409                      1.0                    1.0   0.2910361447257063                     15
      62.00000294484198      2.727100973728378     -3.383363986118725                      1.0                    1.0   0.2871888818544079                     15
      63.00000299233943       2.79646090863181     -3.351411373687775                      1.0                    1.0   0.2864371310435772                     15
      64.00000303983688      2.927131770356798     -3.526364201817791                      1.0                    1.0   0.2865600793044617                     15
      65.00000308733433      2.852789818070153     -3.456006510308843                      1.0                    1.0   0.2818346286631507                     15
      66.00000313483179      2.837283722450042     -3.504355708050289                      1.0                    1.0     0.27929026584543                     15
      67.00000318232924      2.891839312412326     -3.544837096155832                      1.0                    1.0   0.2790459817678251                     15
      68.00000322982669      2.792547023888685     -3.455827524448996                      1.0                    1.0   0.2743473244866427                     15
      69.00000327732414      2.806344533178227     -3.506680306672856                      1.0                    1.0   0.2725326043205125                     15
      70.00000332482159      2.891158684632132     -3.535527430832102                      1.0                    1.0   0.2728658098267392                     15
      71.00000337231904      2.969785296944812     -3.626869163187787                      1.0                    1.0   0.2755508599779999                     15
      72.00000341981649      2.944031832045943     -3.564901479550283                      1.0                    1.0   0.2711891514221282                     15
      73.00000346731395      2.854809378415752     -3.555283735565953                      1.0                    1.0   0.2661456032141916                     15
       74.0000035148114      3.005568146706743     -3.673340650521532                      1.0                    1.0   0.2727496592206678                     15
      75.00000356230885      2.783148524074707     -3.675928449850598                      1.0                    1.0   0.2638990298216236                     15
       76.0000036098063      2.641925084790174     -3.555836427809928                      1.0                    1.0   0.2595618460449114                     15
      77.00000365730375      2.755887322092669     -3.530749198441892                      1.0                    1.0   0.2570305991152291                     15
       78.0000037048012      2.681532117081312     -3.588953843260897                      1.0                    1.0   0.2560607762116527                     15
      79.00000375229865      2.609224458142974     -3.470287996494049                      1.0                    1.0    0.254532717107033                     15
       80.0000037997961       2.66430635532436     -3.556821217389821                      1.0                    1.0    0.252279658870575                     15
      81.00000384729356      2.756905218358848     -3.678700293817179                      1.0                    1.0   0.2532430962657903                     15
      82.00000389479101      2.676164562968284     -3.603626435771039                      1.0                    1.0   0.2495526765224125                     15
      83.00000394228846      2.673407502068784     -3.595226685374143                      1.0                    1.0   0.2477534674366819                     15
      84.00000398978591      2.678640774755977     -3.667279302500648                      1.0                    1.0   0.2479077629702823                     15
      85.00000403728336      2.575488650573655     -3.504013535865434                      1.0                    1.0   0.2453707508669465                     15
      86.00000408478081      2.591284064763351     -3.446525938034061                      1.0                    1.0   0.2436073296567834                     15
      87.00000413227826      2.603022278126021     -3.477317586729743                      1.0                    1.0   0.2415518799423334                     15
      88.00000417977571      2.584747993066796     -3.477340012188006                      1.0                    1.0   0.2404225333919176                     15
      89.00000422727317      2.689012774789636      -3.51917379034773                      1.0                    1.0   0.2373313754680187                     15
      90.00000427477062      2.553416559067647     -3.437530121110962                      1.0                    1.0   0.2385525291127601                     15
      91.00000432226807      2.642614284301724     -3.585659339839487                      1.0                    1.0   0.2354848754187493                     15
      92.00000436976552      2.631169183911893     -3.540708579684634                      1.0                    1.0   0.2336103202524178                     15
      93.00000441726297      2.668417887153787      -3.58372089162275                      1.0                    1.0   0.2322339955497973                     15
      94.00000446476042      2.795851932933959     -3.633471988583124                      1.0                    1.0    0.232304307529257                     15
      95.00000451225787      2.704662525065321     -3.655962245688787                      1.0                    1.0   0.2308591433772948                     15
      96.00000455975533      2.687785979798674      -3.54080531734179                      1.0                    1.0   0.2273364670914849                     15
      97.00000460725278      2.680362749427248     -3.554894235616227                      1.0                    1.0   0.2261274997002655                     15
      98.00000465475023      2.721614345344948     -3.493120664726469                      1.0                    1.0   0.2244067447694735                     15
      99.00000470224768      2.650402959681998     -3.404892509997119                      1.0                    1.0   0.2243245661474668                     15
      100.0000047497451       2.58581879568035      -3.50251709250664                      1.0                    1.0   0.2232676301898172                     15
      101.0000047972426      2.684268072046712     -3.491476837785456                      1.0                    1.0   0.2204958987034234                     15
        102.00000484474      2.606243932939227     -3.479083377376051                      1.0                    1.0    0.220230321835985                     15
      103.0000048922375      2.593732493038464     -3.491241206047971                      1.0                    1.0   0.2191695820818523                     15
      104.0000049397349      2.702054706295368       -3.4137184777199                      1.0                    1.0   0.2173228345002797                     15
      105.0000049872324      2.610175006579989     -3.330199450052145                      1.0                    1.0   0.2190777032891672                     15
      106.0000050347298      2.742924847659412     -3.525195657359509                      1.0                    1.0    0.214271884889968                     15
      107.0000050822273      2.722331183172634     -3.470061988922986                      1.0                    1.0   0.2129761285682581                     15
      108.0000051297247      2.696038408638419     -3.403568676181218                      1.0                    1.0   0.2125742890043661                     15
      109.0000051772222       2.70518443971647     -3.572703115576543                      1.0                    1.0   0.2110092690813721                     15
      110.0000052247196       2.82599923933404     -3.626755347583519                      1.0                    1.0   0.2121839329474226                     15
      111.0000052722171      2.780108352477534     -3.530305922812606                      1.0                    1.0   0.2086930792291982                     15
      112.0000053197145      2.695590632795569     -3.520532666088585                      1.0                    1.0   0.2070350402667414                     15
       113.000005367212      2.689846947014814     -3.423637054893529                      1.0                    1.0   0.2064410605769762                     15
      114.0000054147094      2.785045254361846     -3.515436009754592                      1.0                    1.0   0.2052704199051646                     15
      115.0000054622069      2.752315384885203     -3.406515132750823                      1.0                    1.0   0.2046103775532357                     15
      116.0000055097044      2.648210313022028      -3.49303646979728                      1.0                    1.0   0.2028651883699998                     15
      117.0000055572018      2.728638290600898     -3.628029848380399                      1.0                    1.0   0.2030350974468246                     15
      118.0000056046993      2.677150871831754     -3.638974456631073                      1.0                    1.0    0.202307669158076                     15
      119.0000056521967      2.872542006932274     -3.755031626202018                      1.0                    1.0   0.2080526756302286                     15
      120.0000056996942      2.792527126302102     -3.695198239492357                      1.0                    1.0    0.202441634306288                     15
      121.0000057471916      2.796274843374821     -3.671872702923041                      1.0                    1.0   0.2005902140738699                     15
      122.0000057946891      2.770967298407875     -3.731966056825644                      1.0                    1.0   0.2014868122232263                     15
      123.0000058421865      2.823310856347672     -3.690072418798111                      1.0                    1.0   0.1995759311383772                     15
       124.000005889684      2.863618159775809     -3.672545089012665                      1.0                    1.0   0.1989327398158088                     15
      125.0000059371814      2.826901025205377     -3.737018424759954                      1.0                    1.0   0.1994228921529941                     15
      126.0000059846789      2.860892989930662     -3.717487700340921                      1.0                    1.0   0.1983787508198031                     15
      127.0000060321763      2.844865600040566     -3.765117369977055                      1.0                    1.0   0.1990505497246527                     15
      128.0000060796738      2.742447691985712     -3.736483918904794                      1.0                    1.0   0.1951405820314419                     15
      129.0000061271712      2.813919932796868     -3.717457112497943                      1.0                    1.0   0.1941722251944588                     15
      130.0000061746687      2.667534540477424     -3.594573154442707                      1.0                    1.0   0.1890804574710366                     15
      131.0000062221661      2.662959368823233     -3.558667791003923                      1.0                    1.0   0.1877264241647326                     15
      132.0000062696636      2.653874904967819     -3.541657886143091                      1.0                    1.0   0.1867656616599873                     15
       133.000006317161      2.716258017426853     -3.639608099709305                      1.0                    1.0   0.1869330474996141                     15
      134.0000063646585      2.704033316098215     -3.649588905089717                      1.0                    1.0   0.1862705615381768                     15
      135.0000064121559      2.618523838933893     -3.572488445289746                      1.0                    1.0   0.1848097796526819                     15
      136.0000064596534      2.505422266711089     -3.432617779468622                      1.0                    1.0    0.187574235359847                     15
      137.0000065071508      2.595710520358914     -3.446032480629674                      1.0                    1.0   0.1835796176304924                     15
      138.0000065546483      2.534378153876932      -3.50949460385056                      1.0                    1.0   0.1840128672065858                     15
      139.0000066021457      2.599343759792932     -3.420339436391918                      1.0                    1.0   0.1821077304202497                     15
      140.0000066496432      2.657614299098397     -3.544057179849605                      1.0                    1.0   0.1795331543803574                     15
      141.0000066971406      2.661798306638218     -3.526999442123906                      1.0                    1.0    0.178558302112356                     15
      142.0000067446381       2.51456173885583     -3.319071334976408                      1.0                    1.0   0.1848641004730088                     15
      143.0000067921355      2.562379933553511     -3.459549771031265                      1.0                    1.0   0.1790144895620547                     15
       144.000006839633      2.601450485762155     -3.536842332831587                      1.0                    1.0   0.1769819659468727                     15
      145.0000068871304      2.466197501722308     -3.344561382004516                      1.0                    1.0   0.1834042903418732                     15
      146.0000069346279      2.496354661067282     -3.437357714675757                      1.0                    1.0   0.1790247796965863                     15
      147.0000069821253       2.43813339983369     -3.333431342839105                      1.0                    1.0   0.1833975470050013                     15
      148.0000070296228      2.503028661166483     -3.507820362372616                      1.0                    1.0   0.1765322715129291                     15
      149.0000070771202      2.434116491292908     -3.387285657344128                      1.0                    1.0   0.1803096643369085                     15
      150.0000071246177      2.451655123081425     -3.383396032288826                      1.0                    1.0   0.1786486970906119                     15
      151.0000071721151       2.55251180765048      -3.41895949837217                      1.0                    1.0   0.1731395520299522                     15
      152.0000072196126       2.46392186616673     -3.425127656396938                      1.0                    1.0   0.1755633909367822                     15
        153.00000726711      2.520845130245049     -3.365439883361738                      1.0                    1.0   0.1737426155670579                     15
      154.0000073146075      2.593962397895877     -3.548998655372051                      1.0                    1.0   0.1691218801314695                     15
       155.000007362105      2.477644476717873     -3.444046970969969                      1.0                    1.0   0.1722887399214604                     15
      156.0000074096024      2.426536534906082     -3.364456585300935                      1.0                    1.0   0.1755163134755574                     15
      157.0000074570999      2.392939027738046     -3.337685845271645                      1.0                    1.0   0.1773694768271326                     15
      158.0000075045973      2.420760340604903     -3.350305148754886                      1.0                    1.0   0.1745790140025535                     15
      159.0000075520948      2.541931998002213     -3.423099348091579                      1.0                    1.0   0.1670970819534306                     15
      160.0000075995922      2.506981586340842     -3.340477733249219                      1.0                    1.0   0.1694634675315763                     15
      161.0000076470897      2.545658101444952     -3.496177908549913                      1.0                    1.0   0.1648629389188201                     15
      162.0000076945871      2.500252239368185     -3.435460711030897                      1.0                    1.0   0.1660842036293237                     15
      163.0000077420846      2.525675442921518     -3.413465910193405                      1.0                    1.0   0.1648048487668761                     15
       164.000007789582      2.469318241661203     -3.376280002463171                      1.0                    1.0   0.1669683492802703                     15
      165.0000078370795      2.433938783744878     -3.327938720397532                      1.0                    1.0   0.1692583871922316                     15
      166.0000078845769      2.417025755637759     -3.329095053673591                      1.0                    1.0   0.1693169889596495                     15
      167.0000079320744      2.496189277249959     -3.371151764801568                      1.0                    1.0   0.1637917537653085                     15
      168.0000079795718      2.486495296527159     -3.440174118291172                      1.0                    1.0   0.1621774016171592                     15
      169.0000080270693      2.428522119588823     -3.339112728595353                      1.0                    1.0    0.166193986671168                     15
      170.0000080745667      2.396451199168443      -3.27759532694136                      1.0                    1.0    0.169413222555085                     15
      171.0000081220642      2.402536578232503     -3.179802599310058                      1.0                    1.0   0.1734139282433406                     15
      172.0000081695616      2.452531978339155     -3.346607439471947                      1.0                    1.0   0.1626150140656198                     15
      173.0000082170591      2.356308963575243     -3.278997015611527                      1.0                    1.0   0.1694541383801907                     15
      174.0000082645565      2.346768755754438     -3.204049546432087                      1.0                    1.0   0.1729712992910332                     15
       175.000008312054      2.376727804737057     -3.342090264882384                      1.0                    1.0   0.1644467923884619                     15
      176.0000083595514      2.409880576630753     -3.370424783856588                      1.0                    1.0   0.1611564721451074                     15
      177.0000084070489      2.408936779411822      -3.24425941573588                      1.0                    1.0   0.1650301024938824                     15
      178.0000084545463      2.136244986683303      -3.06078904551747                      1.0                    1.0   0.1976320165315329                     15
      179.0000085020438      2.191307145107498     -3.148383765050467                      1.0                    1.0   0.1846123049052431                     15
      180.0000085495412      2.015618759396023     -3.145889020852011                      1.0                    1.0   0.2032021313704646                     15
      181.0000085970387      2.067129045580573     -3.103317671604655                      1.0                    1.0   0.1988257818712264                     15
      182.0000086445361      2.091786461774632     -3.228000627941722                      1.0                    1.0   0.1872948979924469                     15
      183.0000086920336      2.073850778400685     -3.171858494109763                      1.0                    1.0   0.1914444328768999                     15
       184.000008739531      2.109524622065483     -3.155284158439974                      1.0                    1.0   0.1875632552466302                     15
      185.0000087870285      2.017579543545684     -2.986147525181224                      1.0                    1.0   0.2105343731667264                     15
      186.0000088345259      2.130268984495944      -3.08745141248897                      1.0                    1.0   0.1881298586261021                     15
      187.0000088820234      2.094992490407521     -3.084690493729433                      1.0                    1.0   0.1910644340960317                     15
      188.0000089295208       2.14453251330908      -3.15503463053814                      1.0                    1.0   0.1802165099336692                     15
      189.0000089770183      2.080734001768921     -3.133766525880665                      1.0                    1.0   0.1872770451067484                     15
      190.0000090245157      2.208409237376613     -3.192715980162689                      1.0                    1.0   0.1705323237121698                     15
      191.0000090720132      2.149482298046131     -3.128148695124072                      1.0                    1.0    0.178878664429189                     15
      192.0000091195107      2.334085754421147       -3.2809766035236                      1.0                    1.0   0.1560617348240981                     15
      193.0000091670081      2.235482838250101     -3.285352134202444                      1.0                    1.0   0.1619923066739453                     15
      194.0000092145056      2.141647606856174     -3.182558556286538                      1.0                    1.0   0.1740259831054191                     15
       195.000009262003      2.240132355334283     -3.340825243285411                      1.0                    1.0   0.1585547447828651                     15
      196.0000093095005      2.156484316456566     -3.074783986431221                      1.0                    1.0   0.1781072774026728                     15
      197.0000093569979      2.234720097343208      -3.16089879719967                      1.0                    1.0    0.164958938584319                     15
      198.0000094044954       2.26815572369446     -3.306535680865282                      1.0                    1.0   0.1553759521236479                     15
      199.0000094519928      2.163325373341644       -3.1983753364677                      1.0                    1.0   0.1674235756547258                     15
      200.0000094994903      2.214965957791575     -3.297305031600824                      1.0                    1.0   0.1582768914350247                     15
      201.0000095469877       2.29881747626098     -3.348874586417507                      1.0                    1.0   0.1502880425406051                     15
      202.0000095944852       2.21064220220808     -3.307723168741803                      1.0                    1.0   0.1570060482582365                     15
      203.0000096419826        2.3777723228311     -3.486042803804235                      1.0                    1.0   0.1434710804460255                     15
      204.0000096894801      2.338371807123447     -3.372773738716917                      1.0                    1.0   0.1457177040363091                     15
      205.0000097369775      2.247101238435516      -3.24824604146355                      1.0                    1.0   0.1544957432086894                     15
       206.000009784475      2.237265633790135     -3.320636573682702                      1.0                    1.0   0.1521508798975341                     15
      207.0000098319724      2.438075441221286     -3.521088447532888                      1.0                    1.0   0.1389702103518753                     15
      208.0000098794699      2.389576982770174     -3.462997687737628                      1.0                    1.0   0.1401397726923978                     15
      209.0000099269673      2.443595519803431     -3.341659627185865                      1.0                    1.0    0.138910729112728                     15
      210.0000099744648      2.466194082567353     -3.466487331752099                      1.0                    1.0   0.1362319740752864                     15
      211.0000100219622      2.468849498378868     -3.516040275992451                      1.0                    1.0   0.1358762981794541                     15
      212.0000100694597       2.39320455941814     -3.363396990203905                      1.0                    1.0   0.1388954733123319                     15
      213.0000101169571      2.333960513673212     -3.366823166019408                      1.0                    1.0   0.1411930321629815                     15
      214.0000101644546      2.396003080243591     -3.322394444881008                      1.0                    1.0   0.1386602520870914                     15
       215.000010211952      2.205741062921982     -3.232474702604518                      1.0                    1.0   0.1526034947694704                     15
      216.0000102594495      2.274845414997302     -3.130249733021445                      1.0                    1.0   0.1524388018281129                     15
      217.0000103069469       2.22680104820928     -3.175359204465748                      1.0                    1.0   0.1525162928893165                     15
      218.0000103544444      2.196561016157164     -3.142311169842206                      1.0                    1.0    0.156042034337246                     15
      219.0000104019418      2.081936222364511      -3.06304672339865                      1.0                    1.0    0.170936172049786                     15
      220.0000104494393      2.097552935934291      -3.07756560235452                      1.0                    1.0   0.1675607066653859                     15
      221.0000104969367      2.131147048178033     -3.157392307064658                      1.0                    1.0   0.1586200190033676                     15
      222.0000105444342      2.100603826001951     -3.048115102337948                      1.0                    1.0   0.1679877559277568                     15
      223.0000105919316      2.148661471299603     -3.095537234258492                      1.0                    1.0   0.1594878409358945                     15
      224.0000106394291      2.098011573103793      -3.04573912499557                      1.0                    1.0   0.1669529747168162                     15
      225.0000106869265      2.126828370578894     -3.126416694601894                      1.0                    1.0   0.1580496873171027                     15
       226.000010734424      2.180123037065528     -3.019491443050362                      1.0                    1.0    0.160454760923256                     15
      227.0000107819214      2.244891944049221     -3.248630976635453                      1.0                    1.0   0.1416989719904268                     15
      228.0000108294189      2.076782597139889     -2.990555269959147                      1.0                    1.0   0.1706943944024771                     15
      229.0000108769163      2.059799547157827     -2.960544440983443                      1.0                    1.0   0.1742635891678428                     15
      230.0000109244138      2.160308464198147      -3.08573368778717                      1.0                    1.0   0.1544538941136169                     15
      231.0000109719113      2.231972510551815     -3.116744223316041                      1.0                    1.0    0.146554203795613                     15
      232.0000110194087      2.211160585256894     -3.116473194612679                      1.0                    1.0   0.1474296641747243                     15
      233.0000110669062      2.160170115661415     -3.105673790880364                      1.0                    1.0    0.151350002628322                     15
      234.0000111144036      2.110906313398366     -3.111424517712822                      1.0                    1.0   0.1545504036268514                     15
      235.0000111619011       2.16959367113268      -3.03473535417439                      1.0                    1.0   0.1542351532099362                     15
      236.0000112093985       2.19892962525615     -3.165534591783598                      1.0                    1.0   0.1432448986857539                     15
       237.000011256896      2.103174860123193     -3.027863613966327                      1.0                    1.0    0.159081960307197                     15
      238.0000113043934      2.088717341002471     -2.971949893397619                      1.0                    1.0   0.1642679568812284                     15
      239.0000113518909      2.204080539539611     -3.144575173493942                      1.0                    1.0   0.1422034163317038                     15
      240.0000113993883      2.229538918476962     -3.226105529123477                      1.0                    1.0   0.1362569149135854                     15
      241.0000114468858      2.106661649989385     -3.056694442106489                      1.0                    1.0   0.1541739439257494                     15
      242.0000114943832      2.153005659608555     -3.088242872970102                      1.0                    1.0   0.1476023080999765                     15
      243.0000115418807      2.268320392404426     -3.122631081776873                      1.0                    1.0   0.1371854409550357                     15
      244.0000115893781      2.198117665629219     -3.145024402233154                      1.0                    1.0   0.1399004839911995                     15
      245.0000116368756      2.291025562350364     -3.274408131953359                      1.0                    1.0   0.1285649021249465                     15
       246.000011684373      2.147125321218212      -3.12003487069505                      1.0                    1.0   0.1440254784489061                     15
      247.0000117318705      2.170415030102647     -3.127682993771607                      1.0                    1.0   0.1412730170276845                     15
      248.0000117793679      2.146854960231936     -3.151201934035499                      1.0                    1.0   0.1412996431728656                     15
      249.0000118268654      2.126261612343922     -3.094542607249558                      1.0                    1.0   0.1455416569020718                     15
      250.0000118743628      2.161330152208142     -3.049195554130962                      1.0                    1.0   0.1451671494639834                     15
      251.0000119218603      2.087644057454965     -3.080730827331581                      1.0                    1.0   0.1485418983054085                     15
      252.0000119693577      2.249489827763886     -3.186901826243818                      1.0                    1.0   0.1305720762154851                     15
      253.0000120168552      2.199599267623776     -3.184271720564016                      1.0                    1.0   0.1333398313924808                     15
      254.0000120643526      2.225278075505229     -3.191713786399183                      1.0                    1.0   0.1309000885687705                     15
      255.0000121118501      2.186114211591453     -3.093455840760739                      1.0                    1.0    0.137952341998693                     15
      256.0000121593475      2.149483262967628     -3.135970030447916                      1.0                    1.0   0.1377320928162077                     15
       257.000012206845      2.218665000145143     -3.107761395786683                      1.0                    1.0    0.133984601105171                     15
      258.0000122543424      2.149515447144442     -3.175245845649934                      1.0                    1.0   0.1348743123249778                     15
      259.0000123018399      2.262412199616885     -3.308183896185842                      1.0                    1.0   0.1229115217703442                     15
      260.0000123493373      2.261652756438745     -3.246479864411679                      1.0                    1.0   0.1241095868251545                     15
      261.0000123968348      2.286271407837818     -3.289338350450977                      1.0                    1.0    0.121269808464642                     15
      262.0000124443322      2.168741212015439     -3.288916277983978                      1.0                    1.0   0.1279495050353885                     15
      263.0000124918297      2.194384837517298     -3.310645329932154                      1.0                    1.0   0.1253119696327972                     15
      264.0000125393271      2.295215512513653     -3.474660919399415                      1.0                    1.0   0.1183696158253277                     15
      265.0000125868246      2.197692941749903     -3.247459272519079                      1.0                    1.0   0.1258353649994339                     15
       266.000012634322      2.349279331847179     -3.551628509053566                      1.0                    1.0   0.1164499001842503                     15
      267.0000126818195      2.216440437923422     -3.383162838667719                      1.0                    1.0   0.1214191910528922                     15
      268.0000127293169      2.107236675998328     -3.227453566295172                      1.0                    1.0   0.1318336573700074                     15
      269.0000127768144      2.108970414784338     -3.205864703470286                      1.0                    1.0   0.1319919639772333                     15
      270.0000128243119       1.97462609522263     -3.105162945407995                      1.0                    1.0   0.1486647221835766                     15
      271.0000128718093      1.959670526132563     -3.095486030692672                      1.0                    1.0    0.150220658152121                     15
      272.0000129193068      1.959971530647747     -3.080875474816201                      1.0                    1.0   0.1504430949852576                     15
      273.0000129668042       1.86521158440699     -3.069298311602643                      1.0                    1.0   0.1616056614534898                     15
      274.0000130143017      1.997575651421306      -3.19804247278153                      1.0                    1.0   0.1396326511948175                     15
      275.0000130617991      1.965060932018537     -3.123467066464623                      1.0                    1.0   0.1457482653341489                     15
      276.0000131092966      2.063784976645398      -3.21555869353234                      1.0                    1.0   0.1318294591863824                     15
       277.000013156794      1.930523451968637     -3.097460154084543                      1.0                    1.0   0.1498007553970432                     15
      278.0000132042915      1.937558989207259     -3.027783381222025                      1.0                    1.0   0.1527667441553431                     15
      279.0000132517889      1.902486297722051     -3.059974349680907                      1.0                    1.0    0.153986544030487                     15
      280.0000132992864       1.94217961819519     -3.101380981367073                      1.0                    1.0   0.1465003702686055                     15
      281.0000133467838      2.040564368016181     -3.119299351310507                      1.0                    1.0   0.1353496732369227                     15
      282.0000133942813      1.871025268929964      -2.96300808263396                      1.0                    1.0   0.1628286141571066                     15
      283.0000134417787      1.969909554888192     -3.163814115871805                      1.0                    1.0   0.1389080947160483                     15
      284.0000134892762      2.011265007928428     -3.052278926285442                      1.0                    1.0   0.1402162173863085                     15
      285.0000135367736      2.102206829527435     -3.086446220971983                      1.0                    1.0   0.1300212603156476                     15
      286.0000135842711       2.09191304410051     -3.145901927622568                      1.0                    1.0   0.1273674024449385                     15
      287.0000136317685      2.068482442526915     -3.143327935799002                      1.0                    1.0   0.1289037928449742                     15
       288.000013679266      2.039537051255785     -3.201456773216425                      1.0                    1.0   0.1285740536356492                     15
      289.0000137267634      1.934936262154381     -3.155617588238947                      1.0                    1.0   0.1399433150433614                     15
      290.0000137742609      2.103905718766698     -3.257608149933713                      1.0                    1.0   0.1208747164835214                     15
      291.0000138217583      2.207228758709578     -3.411454458290395                      1.0                    1.0   0.1120485646690553                     15
      292.0000138692558       2.06764308264117     -3.290152268224102                      1.0                    1.0   0.1222259697191653                     15
      293.0000139167532      2.113848524117415     -3.262065294918207                      1.0                    1.0    0.118912784606328                     15
      294.0000139642507      2.073575587638179     -3.286022829067457                      1.0                    1.0   0.1210480834805929                     15
      295.0000140117481      2.043288132248575     -3.160573152443069                      1.0                    1.0   0.1268818717678296                     15
      296.0000140592456      2.061053382318146      -3.30840860029855                      1.0                    1.0   0.1208678698346598                     15
       297.000014106743      2.125916004181398     -3.362331133998634                      1.0                    1.0   0.1150802429234426                     15
      298.0000141542405      1.986789373547993     -3.251099118015456                      1.0                    1.0   0.1276957181064922                     15
      299.0000142017379      2.009679820191094     -3.314983569504649                      1.0                    1.0   0.1239559039628533                     15
      300.0000142492354      1.871838309526856      -3.13339178888782                      1.0                    1.0   0.1429437330279729                     15
      301.0000142967328       1.93133569403673     -3.159189079230985                      1.0                    1.0   0.1347925558731373                     15
      302.0000143442303      1.875650791510951     -3.031449036674484                      1.0                    1.0   0.1470614522061451                     15
      303.0000143917277      1.862612345864584     -3.047240934357299                      1.0                    1.0   0.1469873157432137                     15
      304.0000144392252      1.728708878412445     -2.992264226729402                      1.0                    1.0   0.1673004846377563                     15
      305.0000144867226      1.810999119701628     -3.096047883534541                      1.0                    1.0   0.1492087218217738                     15
      306.0000145342201      1.885717129692947      -3.15912165438487                      1.0                    1.0   0.1369809316795753                     15
      307.0000145817176      1.937644121204815     -3.219249200898632                      1.0                    1.0   0.1289966521204947                     15
       308.000014629215      1.857557750457718     -3.177061656564649                      1.0                    1.0   0.1384818676353777                     15
      309.0000146767125      1.809472488675335     -3.138630626548632                      1.0                    1.0   0.1452114954339631                     15
      310.0000147242099      1.856893850870851     -3.187158671473482                      1.0                    1.0   0.1371585649725443                     15
      311.0000147717074      1.981024831975606     -3.296507149517918                      1.0                    1.0   0.1213787989577998                     15
      312.0000148192048      2.000120889523879     -3.306958560579758                      1.0                    1.0   0.1191587437854059                     15
      313.0000148667023      2.100158181027506     -3.317189844913072                      1.0                    1.0   0.1109554327599685                     15
      314.0000149141997      1.962295364482455     -3.238738054941302                      1.0                    1.0   0.1230917846728678                     15
      315.0000149616972      2.060379418262755     -3.168500421176605                      1.0                    1.0   0.1167151098582741                     15
      316.0000150091946      2.098358354048098     -3.198760091478841                      1.0                    1.0   0.1126278460959442                     15
      317.0000150566921      2.152336102062302      -3.39857767643454                      1.0                    1.0   0.1059102278544671                     15
      318.0000151041895      1.970468989358015     -3.239077278269703                      1.0                    1.0   0.1208594594299936                     15
       319.000015151687      1.995345647182305     -3.318380885746278                      1.0                    1.0   0.1168974631363591                     15
      320.0000151991844      2.033652118376256     -3.315942853238288                      1.0                    1.0   0.1134295386551661                     15
      321.0000152466819      1.947792123226194     -3.280932333915276                      1.0                    1.0   0.1209427622538059                     15
      322.0000152941793      1.954363408499943      -3.16372904786762                      1.0                    1.0   0.1231292925595909                     15
      323.0000153416768      1.938167350123972     -3.259499168958181                      1.0                    1.0   0.1214619545149722                     15
      324.0000153891742      1.866757655930646     -3.038543996393236                      1.0                    1.0   0.1371541246057017                     15
      325.0000154366717      1.810241506862762     -3.111058824164918                      1.0                    1.0   0.1391664790291382                     15
      326.0000154841691      1.874401924297298     -3.194267559469813                      1.0                    1.0   0.1282295736477453                     15
      327.0000155316666      1.879618819214249     -3.125195101638232                      1.0                    1.0   0.1298407407521437                     15
       328.000015579164      1.750349170218971     -3.022565738081578                      1.0                    1.0   0.1499198438648192                     15
      329.0000156266615      1.767954705478262     -3.047608188665714                      1.0                    1.0   0.1455726556047017                     15
      330.0000156741589      1.794792233378272     -3.040922130517139                      1.0                    1.0    0.142119710503567                     15
      331.0000157216564      1.775556079258234     -2.893935336446955                      1.0                    1.0   0.1546037508725954                     15
      332.0000157691538      1.657185471152175     -2.753512235578727                      1.0                    1.0   0.1839401236349216                     15
      333.0000158166513      1.636842581387282       -2.7385791224372                      1.0                    1.0   0.1877293505732383                     15
      334.0000158641487      1.610069572193692      -2.71037119152704                      1.0                    1.0   0.1941327536375467                     15
      335.0000159116462      1.534121022849442     -2.712547152366246                      1.0                    1.0   0.2048598351515682                     15
      336.0000159591436      1.569950733090681     -2.841524957557742                      1.0                    1.0   0.1842632322821423                     15
      337.0000160066411      1.639140531039715     -2.862487574070424                      1.0                    1.0   0.1709495729832387                     15
      338.0000160541385      1.665897844615202     -2.797792665569544                      1.0                    1.0   0.1725776304235855                     15
       339.000016101636      1.748424005761205     -2.968684817159148                      1.0                    1.0   0.1464216891684499                     15
      340.0000161491334      1.656823177224474     -2.845981682267867                      1.0                    1.0   0.1677243948382322                     15
      341.0000161966309       1.70432857498288     -2.845699742095957                      1.0                    1.0   0.1605964041420137                     15
      342.0000162441283      1.776757697136642     -2.911077385540662                      1.0                    1.0   0.1454485663206929                     15
      343.0000162916258       1.77637888850125     -2.962574768710133                      1.0                    1.0   0.1411415169122202                     15
      344.0000163391232      1.601499869401415     -2.795369563573701                      1.0                    1.0   0.1777444988709804                     15
      345.0000163866207      1.726269512061598     -2.802552464051189                      1.0                    1.0   0.1592600682318698                     15
      346.0000164341182      1.740045117204964     -2.865616686000571                      1.0                    1.0   0.1510883262029808                     15
      347.0000164816156      1.819417576610232     -2.998248241347778                      1.0                    1.0   0.1318301624900684                     15
      348.0000165291131       1.76409072393307     -3.043881643524469                      1.0                    1.0   0.1348934470679999                     15
      349.0000165766105      1.861536790013653     -3.069636600290433                      1.0                    1.0   0.1228241714290345                     15
       350.000016624108      1.910909249211999     -3.077053778346659                      1.0                    1.0    0.117540117451382                     15
      351.0000166716054      1.873765737780061      -3.06731802656861                      1.0                    1.0   0.1209859704354292                     15
      352.0000167191029      1.821118332033973     -2.989611076665422                      1.0                    1.0   0.1299895637542859                     15
      353.0000167666003      1.733685422562914     -2.958798226189846                      1.0                    1.0   0.1412294727390972                     15
      354.0000168140978      1.740959616046755     -2.956092510780607                      1.0                    1.0    0.140017880265799                     15
      355.0000168615952       1.71931964685068     -2.956848040204075                      1.0                    1.0   0.1420243212354522                     15
      356.0000169090927      1.909572464165602     -3.052383814833988                      1.0                    1.0    0.116382392506121                     15
      357.0000169565901      1.789408228177887     -2.882199364997777                      1.0                    1.0    0.138541866160018                     15
      358.0000170040876      1.869848562494398     -2.917948040842422                      1.0                    1.0   0.1272792030029252                     15
       359.000017051585      1.639026445233078     -2.708445928252304                      1.0                    1.0   0.1725194407016344                     15
      360.0000170990825      1.748729934801726     -2.873260411913111                      1.0                    1.0   0.1421368070545216                     15
      361.0000171465799      1.808163097200945     -2.896670102794894                      1.0                    1.0   0.1333539554518128                     15
      362.0000171940774      1.824377119326507     -2.815439196078094                      1.0                    1.0   0.1380414549371834                     15
      363.0000172415748      1.874863606005569     -2.899672684493253                      1.0                    1.0   0.1257972314677726                     15
      364.0000172890723      2.084483252009771     -3.120518859495816                      1.0                    1    0.09840352300889169                     15
      365.0000173365697      1.912508699244423     -3.083279400280951                      1.0                    1.0   0.1112230302634995                     15
      366.0000173840672      1.946500563028223     -3.098197075468359                      1.0                    1.0    0.107606517358045                     15
      367.0000174315646      1.819601434103753     -2.985193037297809                      1.0                    1.0   0.1238279091683998                     15
      368.0000174790621      1.783019035809186     -2.881417769792143                      1.0                    1.0   0.1341868394664276                     15
      369.0000175265595      1.813920878756738     -2.907378853121787                      1.0                    1.0   0.1286189371106618                     15
       370.000017574057      1.870699045819258     -2.858993992891653                      1.0                    1.0    0.126582417946618                     15
      371.0000176215544      1.769399451783818     -2.770558708651353                      1.0                    1.0   0.1439293778437532                     15
      372.0000176690519      1.685221751579449      -2.68358473734753                      1.0                    1.0   0.1622284183128552                     15
      373.0000177165493       1.64861299958785     -2.726638896406848                      1.0                    1.0   0.1613465868991595                     15
      374.0000177640468      1.676450720377126     -2.695714033063776                      1.0                    1.0   0.1605309604870275                     15
      375.0000178115442      1.697789728097896     -2.744014253493403                      1.0                    1.0   0.1521484580466748                     15
      376.0000178590417       1.67173660183576     -2.755310497048687                      1.0                    1.0    0.153521582212437                     15
      377.0000179065391       1.71543083564027     -2.776477266615013                      1.0                    1.0   0.1457051853450866                     15
      378.0000179540366      1.632360568962987     -2.728590537449956                      1.0                    1.0    0.159912520723783                     15
       379.000018001534      1.724782382289859     -2.710692152851003                      1.0                    1.0   0.1500624954512718                     15
      380.0000180490315      1.656536521856754      -2.73326516612011                      1.0                    1.0   0.1550894124848156                     15
      381.0000180965289      1.594971003113131     -2.629908040349141                      1.0                    1.0   0.1738204773501399                     15
      382.0000181440264      1.563318215493431     -2.629249852511185                      1.0                    1.0    0.177385472177745                     15
      383.0000181915238      1.436437283794602     -2.632237262941374                      1.0                    1.0   0.1950856787842623                     15
      384.0000182390213       1.53789944139813     -2.641751053561367                      1.0                    1.0   0.1777018040886621                     15
      385.0000182865188      1.613179084331366     -2.652002942693965                      1.0                    1.0   0.1655752835355015                     15
      386.0000183340162      1.579181288273642     -2.676499945887044                      1.0                    1.0   0.1665316683139998                     15
      387.0000183815137      1.620193316382408     -2.764253270964822                      1.0                    1.0   0.1516887109880923                     15
      388.0000184290111       1.50537067167492     -2.742414808718132                      1.0                    1.0   0.1686741870248638                     15
      389.0000184765086      1.539131386879643     -2.737913942196419                      1.0                    1.0   0.1635447150182796                     15
       390.000018524006      1.616887450682138     -2.754128851565603                      1.0                    1.0   0.1510864148651503                     15
      391.0000185715035      1.581698134518534     -2.640642643728986                      1.0                    1.0   0.1666477433458809                     15
      392.0000186190009      1.648535604877677     -2.725376980139992                      1.0                    1.0   0.1487286113686743                     15
      393.0000186664984       1.60204696664694     -2.689357460704904                      1.0                    1.0   0.1573874625624606                     15
      394.0000187139958       1.50962238716419     -2.562870059345916                      1.0                    1.0   0.1835342736859855                     15
      395.0000187614933      1.582025312677219     -2.676711612233757                      1.0                    1.0   0.1598027408756225                     15
      396.0000188089907      1.500586404242699     -2.512995162656887                      1.0                    1.0   0.1896128628406514                     15
      397.0000188564882      1.495074955617468     -2.415686374024273                      1.0                    1.0   0.2033176125892201                     15
      398.0000189039856      1.535262296076082     -2.536668648175623                      1.0                    1.0   0.1798372660782771                     15
      399.0000189514831      1.400299131455636     -2.416788430960348                      1.0                    1.0   0.2147271458947009                     15
      400.0000189989805      1.395974158492899     -2.429229632331399                      1.0                    1.0   0.2123436312453885                     15
       401.000019046478      1.409513195264337     -2.454146231575165                      1.0                    1.0   0.2055879177105097                     15
      402.0000190939754      1.349500078913927     -2.493122408921773                      1.0                    1.0   0.2084473432119764                     15
      403.0000191414729      1.303065000022341     -2.474873409569925                      1.0                    1.0   0.2171600222117268                     15
      404.0000191889703      1.306874512364544     -2.414009781659108                      1.0                    1.0   0.2235303091528055                     15
      405.0000192364678      1.256749553066748     -2.282812451372665                      1.0                    1.0   0.2497659599089276                     15
      406.0000192839652       1.34276724605989     -2.440830865323928                      1.0                    1.0   0.2114385855227447                     15
      407.0000193314627      1.448230252438385     -2.386260518059592                      1.0                    1.0   0.2026994697604907                     15
      408.0000193789601      1.436378857299619     -2.318030598682945                      1.0                    1.0   0.2135833072803703                     15
      409.0000194264576      1.412132265008349     -2.238227817844797                      1.0                    1.0   0.2285975126204999                     15
       410.000019473955      1.372615209491916      -2.27862273001444                      1.0                    1.0   0.2260122731795242                     15
      411.0000195214525      1.384267337322153      -2.18281876550207                      1.0                    1.0   0.2389538961696034                     15
      412.0000195689499      1.348934721296753     -2.283055885007336                      1.0                    1.0   0.2258647806547494                     15
      413.0000196164474      1.288383591631399     -2.236561097613737                      1.0                    1.0   0.2405501049400272                     15
      414.0000196639448      1.247223082418839     -2.236405550755509                      1.0                    1.0   0.2451768255251997                     15
      415.0000197114423      1.333089671155515     -2.286568875895338                      1.0                    1.0   0.2233192541787804                     15
      416.0000197589397      1.298666381714902     -2.421927262926969                      1.0                    1.0   0.2082160791493593                     15
      417.0000198064372      1.319589612805024     -2.409948241718764                      1.0                    1.0   0.2054756173846204                     15
      418.0000198539346      1.195027633988201      -2.12931008428329                      1.0                    1.0   0.2641648600841348                     15
      419.0000199014321      1.271815491033145     -2.293714873005747                      1.0                    1.0   0.2257683631749774                     15
      420.0000199489295      1.300049859863342      -2.31842975267366                      1.0                    1.0   0.2168124253809323                     15
       421.000019996427      1.271585884292516     -2.227670861267842                      1.0                    1.0   0.2328626780270895                     15
      422.0000200439245      1.287164835073663     -2.237690376069585                      1.0                    1.0   0.2277185119024287                     15
      423.0000200914219      1.283765836439773     -2.283921838603301                      1.0                    1.0   0.2200681290327819                     15
      424.0000201389194      1.312608545415255     -2.364318489674605                      1.0                    1.0   0.2037958993339217                     15
      425.0000201864168      1.321704717400611     -2.402766488837445                      1.0                    1.0   0.1965572036049693                     15
      426.0000202339143      1.431490781203607     -2.430222859271713                      1.0                    1.0   0.1778107870842932                     15
      427.0000202814117      1.371109580243087     -2.497389106136568                      1.0                    1.0   0.1769860037638042                     15
      428.0000203289092      1.402996494110037     -2.438445484852239                      1.0                    1.0   0.1786792835046725                     15
      429.0000203764066      1.304251898892501      -2.35590643293431                      1.0                    1.0   0.2010217426661327                     15
      430.0000204239041      1.331633469935982     -2.341053558301151                      1.0                    1.0   0.1981732944412521                     15
      431.0000204714015      1.365024964814198     -2.287818713689953                      1.0                    1.0   0.2000482146359343                     15
       432.000020518899      1.302025405170503     -2.343485446731889                      1.0                    1.0   0.1997139937192654                     15
      433.0000205663964      1.354790806528792     -2.301267492826631                      1.0                    1.0   0.1973484135381381                     15
      434.0000206138939      1.409923532127422     -2.372707620348482                      1.0                    1.0   0.1802535485217368                     15
      435.0000206613913      1.384900227084488     -2.291469409464614                      1.0                    1.0   0.1930407598858173                     15
      436.0000207088888      1.390664903534394     -2.275757929830215                      1.0                    1.0   0.1935423204028912                     15
      437.0000207563862      1.495814553128333     -2.344021979315027                      1.0                    1.0   0.1717647649141659                     15
      438.0000208038837      1.362314096194514     -2.124417836491549                      1.0                    1.0   0.2176274632092867                     15
      439.0000208513811      1.474568140549002     -2.212340256402602                      1.0                    1.0    0.190664180041301                     15
      440.0000208988786      1.438548954478376     -2.288870148407672                      1.0                    1.0    0.182472271889827                     15
       441.000020946376      1.466221230743853     -2.305559779673799                      1.0                    1.0   0.1764073511340526                     15
      442.0000209938735      1.387939694517681     -2.183170487838477                      1.0                    1.0   0.2013454089383993                     15
      443.0000210413709      1.353395709921702     -2.221719833732954                      1.0                    1.0   0.1985681292774307                     15
      444.0000210888684       1.38379751430829     -2.216958513541447                      1.0                    1.0   0.1947314915379063                     15
      445.0000211363658      1.498990621013914     -2.512417105199688                      1.0                    1.0   0.1459685522328882                     15
      446.0000211838633      1.379023194183734     -2.281647851710015                      1.0                    1.0   0.1846867214671525                     15
      447.0000212313607      1.482100993260583     -2.432439135121517                      1.0                    1.0   0.1545892805150242                     15
      448.0000212788582      1.413579974232249     -2.177655931172549                      1.0                    1.0   0.1938004937844729                     15
      449.0000213263556      1.444845899624789     -2.274885146025195                      1.0                    1.0   0.1759272928487389                     15
      450.0000213738531      1.528375249641869      -2.40188776861546                      1.0                    1.0   0.1513793636640383                     15
      451.0000214213505      1.447382522796006     -2.248202362668407                      1.0                    1.0   0.1777307742973055                     15
       452.000021468848      1.477519386349193     -2.199447871220518                      1.0                    1.0   0.1808362487292234                     15
      453.0000215163454      1.447845437823145     -2.151275486358615                      1.0                    1.0   0.1898711252196851                     15
      454.0000215638429      1.421179168699292     -2.261330138052796                      1.0                    1.0   0.1760437909467853                     15
      455.0000216113403       1.42209490378296      -2.32084285540202                      1.0                    1.0   0.1676355493468874                     15
      456.0000216588378       1.45993493905753     -2.351268625563426                      1.0                    1.0   0.1594520281488754                     15
      457.0000217063352      1.409096336960611     -2.279454452831867                      1.0                    1.0   0.1726193920681878                     15
      458.0000217538327      1.561402939638795     -2.344241763923551                      1.0                    1.0   0.1497431612406823                     15
      459.0000218013301      1.508294605050863     -2.373537759119062                      1.0                    1.0   0.1503357838296527                     15
      460.0000218488276      1.573408266825327     -2.489933884672004                      1.0                    1.0   0.1321010592795683                     15
      461.0000218963251      1.621156451115735     -2.505186940771536                      1.0                    1.0   0.1264280355146836                     15
      462.0000219438225      1.546712338509601     -2.498467589090329                      1.0                    1.0   0.1326667315388005                     15
        463.00002199132      1.519188783895704     -2.447873108152389                      1.0                    1.0   0.1394216117689434                     15
      464.0000220388174      1.554023805926859     -2.534462333591319                      1.0                    1.0   0.1279195923088164                     15
      465.0000220863149      1.471513918095441     -2.372848228961305                      1.0                    1.0   0.1505955104283304                     15
      466.0000221338123      1.468183048020332     -2.451435666800884                      1.0                    1.0      0.1422605780071                     15
      467.0000221813098      1.500906811083184     -2.507836670869571                      1.0                    1.0   0.1334859800290789                     15
      468.0000222288072      1.528876982893226     -2.556271574169626                      1.0                    1.0   0.1264566674799867                     15
      469.0000222763047      1.563205522918024     -2.604173548408729                      1.0                    1.0    0.119436713321628                     15
      470.0000223238021      1.434693577738224     -2.512276400534346                      1.0                    1.0   0.1381849421365819                     15
      471.0000223712996      1.624441782196775     -2.606764300044115                      1.0                    1.0   0.1135929966627355                     15
       472.000022418797      1.438933304722342      -2.48368449438517                      1.0                    1.0   0.1392901751303659                     15
      473.0000224662945       1.52714777580199     -2.596585952653121                      1.0                    1.0   0.1214670178227455                     15
      474.0000225137919      1.539153078024417     -2.582773911035864                      1.0                    1.0    0.121029083419562                     15
      475.0000225612894      1.480902438674936     -2.511372249302662                      1.0                    1.0   0.1314719146181386                     15
      476.0000226087868      1.511526956789395     -2.496210921340901                      1.0                    1.0   0.1295294548073337                     15
      477.0000226562843      1.485655381557859     -2.416546335057402                      1.0                    1.0   0.1387539519294783                     15
      478.0000227037817      1.537125462504662     -2.511747180430397                      1.0                    1.0   0.1250977055568767                     15
      479.0000227512792      1.447536816262583     -2.342913535676167                      1.0                    1.0   0.1489182341038406                     15
      480.0000227987766      1.544182133749961     -2.554634804288241                      1.0                    1.0   0.1201812357805715                     15
      481.0000228462741      1.549432026050748     -2.444602194244913                      1.0                    1.0   0.1287525400150238                     15
      482.0000228937715      1.531239524619139     -2.520059605589706                      1.0                    1.0   0.1231785718182554                     15
       483.000022941269      1.540778351777342     -2.489002911735237                      1.0                    1.0    0.124586416991336                     15
      484.0000229887664      1.535402393947278     -2.490636767351832                      1.0                    1.0   0.1244692254377605                     15
      485.0000230362639      1.512875177440036     -2.483719666055117                      1.0                    1.0   0.1265204917216758                     15
      486.0000230837613      1.536540500998095       -2.4724645766944                      1.0                    1.0   0.1251169830453271                     15
      487.0000231312588      1.458661614803784     -2.448763276354588                      1.0                    1.0   0.1335090511829201                     15
      488.0000231787562      1.505960872634134     -2.500826878587899                      1.0                    1.0   0.1243811490921015                     15
      489.0000232262537       1.52270493839426     -2.367336885925367                      1.0                    1.0   0.1350045924225167                     15
      490.0000232737511      1.473589826174233     -2.286205349850388                      1.0                    1.0   0.1474959864870468                     15
      491.0000233212486      1.464275493327256     -2.334236834297748                      1.0                    1.0    0.142337806799177                     15
       492.000023368746      1.499558316831234     -2.412638579010318                      1.0                    1.0   0.1308690689499653                     15
      493.0000234162435      1.438500386624346     -2.330825468726569                      1.0                    1.0   0.1439495249494663                     15
      494.0000234637409      1.405749026320466     -2.278972438377358                      1.0                    1.0   0.1521417394933237                     15
      495.0000235112384      1.451427439779089     -2.381669769898376                      1.0                    1.0   0.1364770427613756                     15
      496.0000235587358      1.450397940081968     -2.196769679343497                      1.0                    1.0   0.1569862544518486                     15
      497.0000236062333      1.495132351715985     -2.222631029872179                      1.0                    1.0    0.149444434310802                     15
      498.0000236537308      1.447349839714337     -2.271693723247839                      1.0                    1.0   0.1468676129234236                     15
      499.0000237012282      1.462365403372944     -2.215225770984671                      1.0                    1.0   0.1517865109981919                     15
      500.0000237487257      1.389026349206409     -2.194424778982737                      1.0                    1.0   0.1601362618040537                     15
